!# TOSCA parameter file for use with SIC's OpenGENIE rehack routines
!# SPEC,L0,L1,2THETA,EMODE,EFIXED
!#
1 12.264 0.6618 90.0 2 2.8584
2 12.264 0.6702 90.0 2 2.9165
3 12.264 0.6839 90.0 2 3.0114
4 12.264 0.6982 90.0 2 3.1352
5 12.264 0.7114 90.0 2 3.2282
6 12.264 0.7317 90.0 2 3.4082
7 12.264 0.7270 90.0 2 3.4211
8 12.264 0.7416 90.0 2 3.5265
9 12.264 0.7495 90.0 2 3.6304
10 12.264 0.7813 90.0 2 3.7435
11 12.264 0.7795 90.0 2 3.8914
12 12.264 0.7923 90.0 2 4.0366
13 12.264 0.7909 90.0 2 4.0746
14 12.264 0.8152 90.0 2 4.3143
15 12.264 0.6741 90.0 2 2.8994
16 12.264 0.6784 90.0 2 2.9286
17 12.264 0.6922 90.0 2 3.0223
18 12.264 0.6993 90.0 2 3.1227
19 12.264 0.7082 90.0 2 3.2251
20 12.264 0.7284 90.0 2 3.3245
21 12.264 0.7346 90.0 2 3.4226
22 12.264 0.7393 90.0 2 3.5156
23 12.264 0.7563 90.0 2 3.6241
24 12.264 0.7690 90.0 2 3.7282
25 12.264 0.7828 90.0 2 3.8303
26 12.264 0.7875 90.0 2 3.9667
27 12.264 0.8077 90.0 2 4.0722
28 12.264 0.8031 90.0 2 4.1493
!29 12.264 0.6700 90.0 2 2.9000
30 12.264 0.6879 90.0 2 2.9953
31 12.264 0.6919 90.0 2 3.0708
32 12.264 0.6959 90.0 2 3.1443
33 12.264 0.7076 90.0 2 3.2303
34 12.264 0.7310 90.0 2 3.3395
35 12.264 0.7319 90.0 2 3.4541
36 12.264 0.7458 90.0 2 3.5489
37 12.264 0.7494 90.0 2 3.6304
38 12.264 0.7521 90.0 2 3.7282
39 12.264 0.7847 90.0 2 3.8857
40 12.264 0.7939 90.0 2 3.9705
41 12.264 0.8030 90.0 2 4.1049
42 12.264 0.8015 90.0 2 4.1801
!43 12.264 0.6700 90.0 2 2.9000
44 12.264 0.6818 90.0 2 2.9702
45 12.264 0.6884 90.0 2 3.0430
46 12.264 0.7103 90.0 2 3.1445
47 12.264 0.7124 90.0 2 3.2606
48 12.264 0.7171 90.0 2 3.3229
49 12.264 0.7313 90.0 2 3.4443
50 12.264 0.7405 90.0 2 3.5361
51 12.264 0.7565 90.0 2 3.6343
52 12.264 0.7577 90.0 2 3.7053
53 12.264 0.7781 90.0 2 3.8492
54 12.264 0.7936 90.0 2 3.9911
55 12.264 0.7987 90.0 2 4.0944
56 12.264 0.8297 90.0 2 4.2845
57 12.264 0.6216 90.0 2 2.7791
58 12.264 0.6671 90.0 2 2.8696
59 12.264 0.6789 90.0 2 2.9764
60 12.264 0.6928 90.0 2 3.1230
61 12.264 0.7069 90.0 2 3.2334
62 12.264 0.7113 90.0 2 3.2912
63 12.264 0.7292 90.0 2 3.3910
64 12.264 0.7402 90.0 2 3.5188
65 12.264 0.7450 90.0 2 3.6169
66 12.264 0.7572 90.0 2 3.7005
67 12.264 0.7711 90.0 2 3.8614
68 12.264 0.7918 90.0 2 4.0125
69 12.264 0.7877 90.0 2 4.0445
70 12.264 0.8383 90.0 2 4.3356
71 12.264 0.6718 90.0 2 2.8781
72 12.264 0.6726 90.0 2 2.9093
73 12.264 0.6827 90.0 2 3.0064
74 12.264 0.7040 90.0 2 3.1553
75 12.264 0.7068 90.0 2 3.2487
76 12.264 0.7244 90.0 2 3.3625
77 12.264 0.7351 90.0 2 3.4668
78 12.264 0.7477 90.0 2 3.5201
79 12.264 0.7474 90.0 2 3.6140
80 12.264 0.7613 90.0 2 3.7440
81 12.264 0.7720 90.0 2 3.8552
82 12.264 0.7892 90.0 2 3.9831
83 12.264 0.7899 90.0 2 4.0277
84 12.264 0.8120 90.0 2 4.2249
85 12.264 0.6546 90.0 2 2.8506
86 12.264 0.6814 90.0 2 2.9598
87 12.264 0.6966 90.0 2 3.0919
88 12.264 0.7057 90.0 2 3.1597
89 12.264 0.7140 90.0 2 3.2631
90 12.264 0.7210 90.0 2 3.3393
91 12.264 0.7376 90.0 2 3.4687
92 12.264 0.7349 90.0 2 3.5349
93 12.264 0.7542 90.0 2 3.6691
94 12.264 0.7560 90.0 2 3.7605
95 12.264 0.7722 90.0 2 3.8680
96 12.264 0.7920 90.0 2 4.0305
97 12.264 0.8111 90.0 2 4.1612
98 12.264 0.8314 90.0 2 4.3112
99 12.264 0.6863 90.0 2 2.8991
100 12.264 0.6898 90.0 2 2.9816
101 12.264 0.7091 90.0 2 3.0778
102 12.264 0.7055 90.0 2 3.1808
103 12.264 0.7121 90.0 2 3.2498
104 12.264 0.7271 90.0 2 3.3693
105 12.264 0.7371 90.0 2 3.4651
106 12.264 0.7480 90.0 2 3.5726
107 12.264 0.7617 90.0 2 3.6682
108 12.264 0.7577 90.0 2 3.7733
109 12.264 0.7849 90.0 2 3.9054
110 12.264 0.7925 90.0 2 3.9761
111 12.264 0.8012 90.0 2 4.0866
112 12.264 0.8251 90.0 2 4.2057
113 12.264 0.6659 90.0 2 2.8740
114 12.264 0.6778 90.0 2 2.9730
115 12.264 0.6830 90.0 2 3.0653
116 12.264 0.6983 90.0 2 3.1629
117 12.264 0.7141 90.0 2 3.2620
118 12.264 0.7220 90.0 2 3.3472
119 12.264 0.7488 90.0 2 3.4538
120 12.264 0.7369 90.0 2 3.5440
121 12.264 0.7602 90.0 2 3.6604
122 12.264 0.7645 90.0 2 3.7471
123 12.264 0.7740 90.0 2 3.8804
124 12.264 0.7864 90.0 2 3.9856
125 12.264 0.7844 90.0 2 4.0899
126 12.264 0.8027 90.0 2 4.2439
127 12.264 0.6681 90.0 2 2.8999
128 12.264 0.6638 90.0 2 2.9163
129 12.264 0.6810 90.0 2 3.0595
130 12.264 0.6867 90.0 2 3.1117
131 12.264 0.7006 90.0 2 3.1858
132 12.264 0.7184 90.0 2 3.3694
133 12.264 0.7311 90.0 2 3.4628
134 12.264 0.7449 90.0 2 3.5724
135 12.264 0.7469 90.0 2 3.6286
136 12.264 0.7573 90.0 2 3.7044
137 12.264 0.7716 90.0 2 3.8683
138 12.264 0.7799 90.0 2 3.9850
139 12.264 0.7839 90.0 2 4.0870
140 12.264 0.8072 90.0 2 4.2233
