!# TOSCA parameter file for use with SIC's OpenGENIE rehack routines
!# SPEC,L0,L1,2THETA,EMODE,EFIXED
!#
1 17.000 0.56370 90.0 2 2.690280    
2 17.000 0.57275 90.0 2 2.771000    
3 17.000 0.58139 90.0 2 2.855410    
4 17.000 0.58909 90.0 2 2.943700    
5 17.000 0.59795 90.0 2 3.036910    
6 17.000 0.60815 90.0 2 3.134920    
7 17.000 0.61800 90.0 2 3.238630    
8 17.000 0.62553 90.0 2 3.345900    
9 17.000 0.63820 90.0 2 3.461600    
10 17.000 0.64925 90.0 2 3.582930    
11 17.000 0.66204 90.0 2 3.711220    
12 17.000 0.67394 90.0 2 3.846910    
13 17.000 0.68674 90.0 2 3.990450    
!14 17.000 0.70000 90.0 2 4.000000    
15 17.000 0.56697 90.0 2 2.711400    
16 17.000 0.57273 90.0 2 2.791200    
17 17.000 0.58159 90.0 2 2.876300    
18 17.000 0.59101 90.0 2 2.967800    
19 17.000 0.60202 90.0 2 3.065600    
20 17.000 0.61305 90.0 2 3.169800    
21 17.000 0.62244 90.0 2 3.280600    
22 17.000 0.63452 90.0 2 3.400100    
23 17.000 0.64940 90.0 2 3.528800    
24 17.000 0.66191 90.0 2 3.666600    
25 17.000 0.67482 90.0 2 3.813200    
26 17.000 0.68980 90.0 2 3.973100    
27 17.000 0.70642 90.0 2 4.146300    
!28 17.000 0.70000 90.0 2 4.000000    
29 17.000 0.56940 90.0 2 2.709560    
30 17.000 0.57486 90.0 2 2.789910    
31 17.000 0.58484 90.0 2 2.878350    
32 17.000 0.59564 90.0 2 2.973660    
33 17.000 0.60434 90.0 2 3.075680    
34 17.000 0.61560 90.0 2 3.187090    
35 17.000 0.62627 90.0 2 3.307450    
36 17.000 0.64092 90.0 2 3.438560    
37 17.000 0.65612 90.0 2 3.581780    
38 17.000 0.67119 90.0 2 3.737090    
39 17.000 0.68877 90.0 2 3.906990    
40 17.000 0.70746 90.0 2 4.093350    
41 17.000 0.72661 90.0 2 4.297320    
!42 17.000 0.70000 90.0 2 4.000000    
43 17.000 0.56746 90.0 2 2.695290    
44 17.000 0.57458 90.0 2 2.773110    
45 17.000 0.58325 90.0 2 2.857010    
46 17.000 0.58955 90.0 2 2.946360    
47 17.000 0.60136 90.0 2 3.044560    
48 17.000 0.61266 90.0 2 3.149860    
49 17.000 0.62338 90.0 2 3.263620    
50 17.000 0.63521 90.0 2 3.386460    
51 17.000 0.65000 90.0 2 3.520580    
52 17.000 0.66507 90.0 2 3.665070    
53 17.000 0.67977 90.0 2 3.823790    
54 17.000 0.69574 90.0 2 3.995720    
55 17.000 0.71370 90.0 2 4.183510    
!56 17.000 0.70000 90.0 2 4.000000    
!57 17.000 0.56356 90.0 2 2.691220    
!58 17.000 0.57218 90.0 2 2.770220    
!59 17.000 0.58014 90.0 2 2.853400    
60 17.000 0.58958 90.0 2 2.942070    
61 17.000 0.60177 90.0 2 3.036440    
62 17.000 0.60821 90.0 2 3.135540    
63 17.000 0.61705 90.0 2 3.240510    
64 17.000 0.62989 90.0 2 3.354510    
65 17.000 0.64195 90.0 2 3.474760    
66 17.000 0.65498 90.0 2 3.603410    
67 17.000 0.66910 90.0 2 3.740930    
68 17.000 0.68430 90.0 2 3.888930    
69 17.000 0.69355 90.0 2 4.043890    
!70 17.000 0.70000 90.0 2 4.000000    
!71 17.000 0.56287 90.0 2 2.690050    
!72 17.000 0.57191 90.0 2 2.766250    
!73 17.000 0.57991 90.0 2 2.860390    
!74 17.000 0.58735 90.0 2 2.952490    
!75 17.000 0.60016 90.0 2 3.052270    
!76 17.000 0.60978 90.0 2 3.156690    
!77 17.000 0.62000 90.0 2 3.267580    
!78 17.000 0.63028 90.0 2 3.385450    
!79 17.000 0.64397 90.0 2 3.512280    
!80 17.000 0.65787 90.0 2 3.648180    
!81 17.000 0.67388 90.0 2 3.792910    
!82 17.000 0.68722 90.0 2 3.947030    
!83 17.000 0.70304 90.0 2 4.112830    
!84 17.000 0.70000 90.0 2 4.000000    
!85 17.000 0.56463 90.0 2 2.711270    
!86 17.000 0.57336 90.0 2 2.790290    
!87 17.000 0.58214 90.0 2 2.875850    
!88 17.000 0.59107 90.0 2 2.968390    
!89 17.000 0.60258 90.0 2 3.069580    
!90 17.000 0.61444 90.0 2 3.179160    
!91 17.000 0.62424 90.0 2 3.297780    
!92 17.000 0.63950 90.0 2 3.428740    
!93 17.000 0.65562 90.0 2 3.571460    
!94 17.000 0.66889 90.0 2 3.725890    
!95 17.000 0.68722 90.0 2 3.897650    
!96 17.000 0.70749 90.0 2 4.086060    
!97 17.000 0.72794 90.0 2 4.293330    
!98 17.000 0.70000 90.0 2 4.000000    
!99 17.000 0.56172 90.0 2 2.710510    
!100 17.000 0.56879 90.0 2 2.788980    
!101 17.000 0.57828 90.0 2 2.874580    
!102 17.000 0.58386 90.0 2 3.068150    
!103 17.000 0.59803 90.0 2 3.068150    
!104 17.000 0.60932 90.0 2 3.177850    
!105 17.000 0.62343 90.0 2 3.297760    
!106 17.000 0.63560 90.0 2 3.427800    
!107 17.000 0.65215 90.0 2 3.571110    
!108 17.000 0.66709 90.0 2 3.726370    
!109 17.000 0.68570 90.0 2 3.897560    
!110 17.000 0.70653 90.0 2 4.087070    
!111 17.000 0.72616 90.0 2 4.294290    
!112 17.000 0.70000 90.0 2 4.000000    
!113 17.000 0.56350 90.0 2 2.713690    
!114 17.000 0.57377 90.0 2 2.802390    
!115 17.000 0.58080 90.0 2 2.893380    
!116 17.000 0.59264 90.0 2 2.989900    
!117 17.000 0.60046 90.0 2 3.088330    
!118 17.000 0.61251 90.0 2 3.192660    
!119 17.000 0.62265 90.0 2 3.299820    
!120 17.000 0.63144 90.0 2 3.410560    
!121 17.000 0.64536 90.0 2 3.528660    
!122 17.000 0.65448 90.0 2 3.648260    
!123 17.000 0.66854 90.0 2 3.775230    
!124 17.000 0.67979 90.0 2 3.906190    
!125 17.000 0.69304 90.0 2 4.042820    
!126 17.000 0.70000 90.0 2 4.000000    
!127 17.000 0.56139 90.0 2 2.688160    
!128 17.000 0.57304 90.0 2 2.787040    
!129 17.000 0.58139 90.0 2 2.864760    
!130 17.000 0.58820 90.0 2 2.952710    
!131 17.000 0.60028 90.0 2 3.048190    
!132 17.000 0.60831 90.0 2 3.157880    
!133 17.000 0.62104 90.0 2 3.268740    
!134 17.000 0.63551 90.0 2 3.394370    
!135 17.000 0.64570 90.0 2 3.524460    
!136 17.000 0.66097 90.0 2 3.664730    
!137 17.000 0.67463 90.0 2 3.811590    
!138 17.000 0.69126 90.0 2 3.968720    
!139 17.000 0.70513 90.0 2 4.134120    
!140 17.000 0.70000 90.0 2 4.000000    
