 93
   4.020   3.429   00.00   0.028   0.300
   4.020   3.857   00.00   0.028   0.300
   4.020   4.286   00.00   0.028   0.300
   4.020   4.714   00.00   0.028   0.300
   4.020   5.143   00.00   0.028   0.300
   4.020   5.571   00.00   0.028   0.300
   4.020   6.000   00.00   0.028   0.300
   4.020   6.429   00.00   0.028   0.300
   4.020   6.857   00.00   0.028   0.300
   4.020   7.286   00.00   0.028   0.300
   4.020   7.714   00.00   0.028   0.300
   4.020   8.143   00.00   0.028   0.300
   4.020   8.571   00.00   0.028   0.300
   4.020   9.000   00.00   0.028   0.300
   4.020   9.429   00.00   0.028   0.300
   4.020   9.857   00.00   0.028   0.300
   4.020  10.286   00.00   0.028   0.300
   4.020  10.714   00.00   0.028   0.300
   4.020  11.143   00.00   0.028   0.300
   4.020  11.571   00.00   0.028   0.300
   4.020  12.000   00.00   0.028   0.300
   4.020  12.429   00.00   0.028   0.300
   4.020  12.857   00.00   0.028   0.300
   4.020  13.286   00.00   0.028   0.300
   4.020  13.714   00.00   0.028   0.300
   4.020  14.143   00.00   0.028   0.300
   4.020  14.571   00.00   0.028   0.300
   4.020  15.000   00.00   0.028   0.300
   4.020  15.429   00.00   0.028   0.300
   4.020  15.857   00.00   0.028   0.300
   4.020  16.286   00.00   0.028   0.300
   4.020  16.714   00.00   0.028   0.300
   4.020  17.143   00.00   0.028   0.300
   4.020  17.571   00.00   0.028   0.300
   4.020  18.000   00.00   0.028   0.300
   4.020  18.429   00.00   0.028   0.300
   4.020  18.857   00.00   0.028   0.300
   4.020  19.286   00.00   0.028   0.300
   4.020  19.714   00.00   0.028   0.300
   4.020  20.143   00.00   0.028   0.300
   4.020  20.571   00.00   0.028   0.300
   4.020  21.000   00.00   0.028   0.300
   4.020  21.429   00.00   0.028   0.300
   4.020  21.857   00.00   0.028   0.300
   4.020  22.286   00.00   0.028   0.300
   4.020  22.714   00.00   0.028   0.300
   4.020  23.143   00.00   0.028   0.300
   4.020  23.571   00.00   0.028   0.300
   4.020  24.000   00.00   0.028   0.300
   4.020  24.429   00.00   0.028   0.300
   4.020  24.857   00.00   0.028   0.300
   4.020  25.286   00.00   0.028   0.300
   4.020  25.714   00.00   0.028   0.300
   4.020  26.143   00.00   0.028   0.300
   4.020  26.571   00.00   0.028   0.300
   4.020  27.000   00.00   0.028   0.300
   4.020  27.429   00.00   0.028   0.300
   4.020  27.857   00.00   0.028   0.300
   4.020  28.286   00.00   0.028   0.300
   4.020  28.714   00.00   0.028   0.300
   4.020  29.143   00.00   0.028   0.300
   4.020  30.857   00.00   0.028   0.300
   4.020  31.286   00.00   0.028   0.300
   4.020  31.714   00.00   0.028   0.300
   4.020  32.143   00.00   0.028   0.300
   4.020  32.571   00.00   0.028   0.300
   4.020  33.000   00.00   0.028   0.300
   4.020  33.429   00.00   0.028   0.300
   4.020  33.857   00.00   0.028   0.300
   4.020  34.286   00.00   0.028   0.300
   4.020  34.714   00.00   0.028   0.300
   4.020  35.143   00.00   0.028   0.300
   4.020  35.571   00.00   0.028   0.300
   4.020  36.000   00.00   0.028   0.300
   4.020  36.429   00.00   0.028   0.300
   4.020  36.857   00.00   0.028   0.300
   4.020  37.286   00.00   0.028   0.300
   4.020  37.714   00.00   0.028   0.300
   4.020  38.143   00.00   0.028   0.300
   4.020  38.571   00.00   0.028   0.300
   4.020  39.000   00.00   0.028   0.300
   4.020  39.429   00.00   0.028   0.300
   4.020  39.857   00.00   0.028   0.300
   4.020  40.286   00.00   0.028   0.300
   4.020  40.714   00.00   0.028   0.300
   4.020  41.143   00.00   0.028   0.300
   4.020  41.571   00.00   0.028   0.300
   4.020  42.000   00.00   0.028   0.300
   4.020  42.429   00.00   0.028   0.300
   4.020  42.857   00.00   0.028   0.300
   4.020  43.286   00.00   0.028   0.300
   4.020  43.714   00.00   0.028   0.300
   4.020  44.143   00.00   0.028   0.300
